#      time	       Pop1	       Pop2
0.00000e+00	0.00000e+00	1.00000e+00
1.00000e-01	7.90000e-07	9.99999e-01
2.00000e-01	2.59000e-06	9.99997e-01
3.00000e-01	4.53000e-06	9.99995e-01
4.00000e-01	5.87000e-06	9.99994e-01
5.00000e-01	6.23000e-06	9.99994e-01
6.00000e-01	5.64000e-06	9.99994e-01
7.00000e-01	4.46000e-06	9.99996e-01
8.00000e-01	3.16000e-06	9.99997e-01
9.00000e-01	2.17000e-06	9.99998e-01
1.00000e+00	1.78000e-06	9.99998e-01
1.10000e+00	2.02000e-06	9.99998e-01
1.20000e+00	2.73000e-06	9.99997e-01
1.30000e+00	3.68000e-06	9.99996e-01
1.40000e+00	4.59000e-06	9.99995e-01
1.50000e+00	5.29000e-06	9.99995e-01
1.60000e+00	5.71000e-06	9.99994e-01
1.70000e+00	5.89000e-06	9.99994e-01
1.80000e+00	5.94000e-06	9.99994e-01
1.90000e+00	6.01000e-06	9.99994e-01
2.00000e+00	6.22000e-06	9.99994e-01
2.10000e+00	6.65000e-06	9.99993e-01
2.20000e+00	7.32000e-06	9.99993e-01
2.30000e+00	8.23000e-06	9.99992e-01
2.40000e+00	9.33000e-06	9.99991e-01
2.50000e+00	1.05900e-05	9.99989e-01
2.60000e+00	1.19800e-05	9.99988e-01
2.70000e+00	1.35000e-05	9.99987e-01
2.80000e+00	1.51900e-05	9.99985e-01
2.90000e+00	1.70800e-05	9.99983e-01
3.00000e+00	1.92600e-05	9.99981e-01
3.10000e+00	2.17900e-05	9.99978e-01
3.20000e+00	2.47900e-05	9.99975e-01
3.30000e+00	2.83500e-05	9.99972e-01
3.40000e+00	3.26100e-05	9.99967e-01
3.50000e+00	3.77000e-05	9.99962e-01
3.60000e+00	4.38200e-05	9.99956e-01
3.70000e+00	5.12000e-05	9.99949e-01
3.80000e+00	6.01300e-05	9.99940e-01
3.90000e+00	7.09800e-05	9.99929e-01
4.00000e+00	8.42200e-05	9.99916e-01
4.10000e+00	1.00480e-04	9.99900e-01
4.20000e+00	1.20540e-04	9.99879e-01
4.30000e+00	1.45420e-04	9.99855e-01
4.40000e+00	1.76460e-04	9.99824e-01
4.50000e+00	2.15410e-04	9.99785e-01
4.60000e+00	2.64580e-04	9.99735e-01
4.70000e+00	3.27080e-04	9.99673e-01
4.80000e+00	4.07090e-04	9.99593e-01
4.90000e+00	5.10400e-04	9.99490e-01
5.00000e+00	6.45160e-04	9.99355e-01
5.10000e+00	8.23250e-04	9.99177e-01
5.20000e+00	1.06250e-03	9.98938e-01
5.30000e+00	1.39035e-03	9.98610e-01
5.40000e+00	1.84836e-03	9.98152e-01
5.50000e+00	2.49249e-03	9.97508e-01
5.60000e+00	3.37307e-03	9.96627e-01
5.70000e+00	4.48506e-03	9.95515e-01
5.80000e+00	5.74974e-03	9.94250e-01
5.90000e+00	7.10946e-03	9.92891e-01
6.00000e+00	8.69240e-03	9.91308e-01
6.10000e+00	1.07476e-02	9.89252e-01
6.20000e+00	1.36947e-02	9.86305e-01
6.30000e+00	1.76643e-02	9.82336e-01
6.40000e+00	2.22409e-02	9.77759e-01
6.50000e+00	2.71434e-02	9.72857e-01
6.60000e+00	3.33278e-02	9.66672e-01
6.70000e+00	3.96082e-02	9.60392e-01
6.80000e+00	4.67085e-02	9.53292e-01
6.90000e+00	5.81183e-02	9.41882e-01
7.00000e+00	7.59955e-02	9.24004e-01
7.10000e+00	9.36756e-02	9.06324e-01
7.20000e+00	1.13159e-01	8.86841e-01
7.30000e+00	1.36015e-01	8.63985e-01
7.40000e+00	1.61594e-01	8.38406e-01
7.50000e+00	1.84515e-01	8.15485e-01
7.60000e+00	2.09108e-01	7.90892e-01
7.70000e+00	2.37898e-01	7.62102e-01
7.80000e+00	2.66692e-01	7.33308e-01
7.90000e+00	2.98446e-01	7.01554e-01
8.00000e+00	3.28060e-01	6.71940e-01
8.10000e+00	3.59604e-01	6.40396e-01
8.20000e+00	3.89330e-01	6.10670e-01
8.30000e+00	4.19422e-01	5.80578e-01
8.40000e+00	4.50929e-01	5.49071e-01
8.50000e+00	4.83931e-01	5.16069e-01
8.60000e+00	5.13511e-01	4.86489e-01
8.70000e+00	5.40305e-01	4.59695e-01
8.80000e+00	5.65402e-01	4.34598e-01
8.90000e+00	5.87762e-01	4.12238e-01
9.00000e+00	6.08183e-01	3.91817e-01
9.10000e+00	6.27987e-01	3.72013e-01
9.20000e+00	6.46420e-01	3.53580e-01
9.30000e+00	6.67112e-01	3.32888e-01
9.40000e+00	6.76990e-01	3.23010e-01
9.50000e+00	6.88431e-01	3.11569e-01
9.60000e+00	6.98697e-01	3.01303e-01
9.70000e+00	7.09323e-01	2.90677e-01
9.80000e+00	7.19314e-01	2.80686e-01
9.90000e+00	7.27558e-01	2.72442e-01
1.00000e+01	7.35722e-01	2.64278e-01
1.01000e+01	7.40962e-01	2.59038e-01
1.02000e+01	7.45737e-01	2.54263e-01
1.03000e+01	7.51074e-01	2.48926e-01
1.04000e+01	7.54939e-01	2.45061e-01
1.05000e+01	7.57135e-01	2.42865e-01
1.06000e+01	7.58796e-01	2.41204e-01
1.07000e+01	7.59924e-01	2.40076e-01
1.08000e+01	7.61893e-01	2.38107e-01
1.09000e+01	7.63852e-01	2.36148e-01
1.10000e+01	7.65158e-01	2.34842e-01
1.11000e+01	7.66330e-01	2.33670e-01
1.12000e+01	7.67555e-01	2.32445e-01
1.13000e+01	7.68988e-01	2.31012e-01
1.14000e+01	7.70628e-01	2.29372e-01
1.15000e+01	7.72354e-01	2.27646e-01
1.16000e+01	7.74094e-01	2.25906e-01
1.17000e+01	7.76070e-01	2.23930e-01
1.18000e+01	7.78731e-01	2.21269e-01
1.19000e+01	7.81691e-01	2.18309e-01
1.20000e+01	7.84186e-01	2.15814e-01
1.21000e+01	7.86545e-01	2.13455e-01
1.22000e+01	7.89715e-01	2.10285e-01
1.23000e+01	7.92872e-01	2.07128e-01
1.24000e+01	7.95142e-01	2.04858e-01
1.25000e+01	7.99752e-01	2.00248e-01
1.26000e+01	8.03911e-01	1.96089e-01
1.27000e+01	8.05722e-01	1.94278e-01
1.28000e+01	8.07323e-01	1.92677e-01
1.29000e+01	8.08518e-01	1.91482e-01
1.30000e+01	8.12118e-01	1.87882e-01
1.31000e+01	8.14265e-01	1.85735e-01
1.32000e+01	8.13807e-01	1.86193e-01
1.33000e+01	8.13222e-01	1.86778e-01
1.34000e+01	8.12361e-01	1.87639e-01
1.35000e+01	8.11220e-01	1.88780e-01
1.36000e+01	8.09801e-01	1.90199e-01
1.37000e+01	8.08135e-01	1.91865e-01
1.38000e+01	8.06302e-01	1.93698e-01
1.39000e+01	8.04745e-01	1.95255e-01
1.40000e+01	8.03207e-01	1.96793e-01
1.41000e+01	8.01568e-01	1.98432e-01
1.42000e+01	7.99298e-01	2.00702e-01
1.43000e+01	7.96242e-01	2.03758e-01
1.44000e+01	7.93427e-01	2.06573e-01
1.45000e+01	7.90736e-01	2.09264e-01
1.46000e+01	7.87105e-01	2.12895e-01
1.47000e+01	7.82601e-01	2.17399e-01
1.48000e+01	7.78680e-01	2.21320e-01
1.49000e+01	7.75101e-01	2.24899e-01
1.50000e+01	7.71290e-01	2.28710e-01
1.51000e+01	7.66932e-01	2.33068e-01
1.52000e+01	7.62004e-01	2.37996e-01
1.53000e+01	7.57282e-01	2.42718e-01
1.54000e+01	7.53815e-01	2.46185e-01
1.55000e+01	7.51185e-01	2.48815e-01
1.56000e+01	7.48821e-01	2.51179e-01
1.57000e+01	7.46564e-01	2.53436e-01
1.58000e+01	7.44595e-01	2.55405e-01
1.59000e+01	7.43102e-01	2.56898e-01
1.60000e+01	7.42006e-01	2.57994e-01
1.61000e+01	7.41004e-01	2.58996e-01
1.62000e+01	7.40325e-01	2.59675e-01
1.63000e+01	7.39942e-01	2.60058e-01
1.64000e+01	7.39860e-01	2.60140e-01
1.65000e+01	7.40053e-01	2.59947e-01
1.66000e+01	7.40496e-01	2.59504e-01
1.67000e+01	7.41467e-01	2.58533e-01
1.68000e+01	7.42817e-01	2.57183e-01
1.69000e+01	7.44290e-01	2.55710e-01
1.70000e+01	7.45842e-01	2.54158e-01
1.71000e+01	7.47439e-01	2.52561e-01
1.72000e+01	7.49048e-01	2.50952e-01
1.73000e+01	7.50641e-01	2.49359e-01
1.74000e+01	7.52194e-01	2.47806e-01
1.75000e+01	7.53689e-01	2.46311e-01
1.76000e+01	7.55112e-01	2.44888e-01
1.77000e+01	7.56454e-01	2.43546e-01
1.78000e+01	7.57710e-01	2.42290e-01
1.79000e+01	7.58877e-01	2.41123e-01
1.80000e+01	7.59955e-01	2.40045e-01
1.81000e+01	7.60942e-01	2.39058e-01
1.82000e+01	7.61840e-01	2.38160e-01
1.83000e+01	7.62652e-01	2.37348e-01
1.84000e+01	7.63383e-01	2.36617e-01
1.85000e+01	7.64039e-01	2.35961e-01
1.86000e+01	7.64627e-01	2.35373e-01
1.87000e+01	7.65158e-01	2.34842e-01
1.88000e+01	7.65638e-01	2.34362e-01
1.89000e+01	7.66077e-01	2.33923e-01
1.90000e+01	7.66481e-01	2.33519e-01
1.91000e+01	7.66855e-01	2.33145e-01
1.92000e+01	7.67204e-01	2.32796e-01
1.93000e+01	7.67529e-01	2.32471e-01
1.94000e+01	7.67832e-01	2.32168e-01
1.95000e+01	7.68113e-01	2.31887e-01
1.96000e+01	7.68370e-01	2.31630e-01
1.97000e+01	7.68605e-01	2.31395e-01
1.98000e+01	7.68816e-01	2.31184e-01
1.99000e+01	7.69003e-01	2.30997e-01
2.00000e+01	7.69167e-01	2.30833e-01
2.01000e+01	7.69310e-01	2.30690e-01
2.02000e+01	7.69432e-01	2.30568e-01
2.03000e+01	7.69536e-01	2.30463e-01
2.04000e+01	7.69625e-01	2.30375e-01
2.05000e+01	7.69699e-01	2.30301e-01
2.06000e+01	7.69762e-01	2.30238e-01
2.07000e+01	7.69815e-01	2.30185e-01
2.08000e+01	7.69860e-01	2.30140e-01
2.09000e+01	7.69898e-01	2.30102e-01
2.10000e+01	7.69931e-01	2.30069e-01
2.11000e+01	7.69960e-01	2.30040e-01
2.12000e+01	7.69986e-01	2.30014e-01
2.13000e+01	7.70010e-01	2.29990e-01
2.14000e+01	7.70034e-01	2.29966e-01
2.15000e+01	7.70058e-01	2.29942e-01
2.16000e+01	7.70083e-01	2.29917e-01
2.17000e+01	7.70110e-01	2.29890e-01
2.18000e+01	7.70140e-01	2.29860e-01
2.19000e+01	7.70175e-01	2.29825e-01
2.20000e+01	7.70215e-01	2.29785e-01
2.21000e+01	7.70261e-01	2.29739e-01
2.22000e+01	7.70312e-01	2.29688e-01
2.23000e+01	7.70370e-01	2.29630e-01
2.24000e+01	7.70434e-01	2.29566e-01
2.25000e+01	7.70504e-01	2.29496e-01
2.26000e+01	7.70579e-01	2.29421e-01
2.27000e+01	7.70660e-01	2.29340e-01
2.28000e+01	7.70747e-01	2.29253e-01
2.29000e+01	7.70838e-01	2.29162e-01
2.30000e+01	7.70935e-01	2.29065e-01
2.31000e+01	7.71038e-01	2.28962e-01
2.32000e+01	7.71148e-01	2.28852e-01
2.33000e+01	7.71270e-01	2.28730e-01
2.34000e+01	7.71407e-01	2.28593e-01
2.35000e+01	7.71571e-01	2.28429e-01
2.36000e+01	7.71780e-01	2.28220e-01
2.37000e+01	7.72077e-01	2.27923e-01
2.38000e+01	7.72551e-01	2.27449e-01
2.39000e+01	7.73344e-01	2.26656e-01
2.40000e+01	7.74604e-01	2.25396e-01
2.41000e+01	7.75931e-01	2.24069e-01
2.42000e+01	7.77004e-01	2.22996e-01
2.43000e+01	7.77978e-01	2.22022e-01
2.44000e+01	7.78997e-01	2.21003e-01
2.45000e+01	7.80089e-01	2.19911e-01
2.46000e+01	7.81322e-01	2.18678e-01
2.47000e+01	7.82749e-01	2.17251e-01
2.48000e+01	7.84392e-01	2.15608e-01
2.49000e+01	7.86340e-01	2.13660e-01
2.50000e+01	7.88397e-01	2.11603e-01
2.51000e+01	7.90410e-01	2.09590e-01
2.52000e+01	7.92334e-01	2.07666e-01
2.53000e+01	7.94220e-01	2.05780e-01
2.54000e+01	7.96450e-01	2.03550e-01
2.55000e+01	8.01901e-01	1.98099e-01
2.56000e+01	8.06305e-01	1.93695e-01
2.57000e+01	8.09568e-01	1.90432e-01
2.58000e+01	8.12161e-01	1.87839e-01
2.59000e+01	8.15270e-01	1.84730e-01
2.60000e+01	8.18999e-01	1.81001e-01
2.61000e+01	8.23469e-01	1.76531e-01
2.62000e+01	8.28401e-01	1.71599e-01
2.63000e+01	8.32497e-01	1.67503e-01
2.64000e+01	8.35446e-01	1.64554e-01
2.65000e+01	8.37777e-01	1.62223e-01
2.66000e+01	8.39954e-01	1.60046e-01
2.67000e+01	8.42103e-01	1.57897e-01
2.68000e+01	8.45903e-01	1.54097e-01
2.69000e+01	8.50320e-01	1.49680e-01
2.70000e+01	8.52991e-01	1.47009e-01
2.71000e+01	8.55478e-01	1.44522e-01
2.72000e+01	8.58060e-01	1.41940e-01
2.73000e+01	8.61459e-01	1.38541e-01
2.74000e+01	8.67413e-01	1.32587e-01
2.75000e+01	8.72033e-01	1.27967e-01
2.76000e+01	8.74717e-01	1.25283e-01
2.77000e+01	8.77600e-01	1.22400e-01
2.78000e+01	8.80745e-01	1.19255e-01
2.79000e+01	8.84215e-01	1.15785e-01
2.80000e+01	8.88045e-01	1.11955e-01
2.81000e+01	8.92069e-01	1.07931e-01
2.82000e+01	8.95920e-01	1.04080e-01
2.83000e+01	8.99484e-01	1.00516e-01
2.84000e+01	9.04229e-01	9.57710e-02
2.85000e+01	9.08717e-01	9.12835e-02
2.86000e+01	9.10423e-01	8.95771e-02
2.87000e+01	9.12508e-01	8.74918e-02
2.88000e+01	9.14987e-01	8.50131e-02
2.89000e+01	9.18081e-01	8.19194e-02
2.90000e+01	9.21956e-01	7.80442e-02
2.91000e+01	9.25392e-01	7.46078e-02
2.92000e+01	9.27507e-01	7.24930e-02
2.93000e+01	9.28934e-01	7.10663e-02
2.94000e+01	9.30254e-01	6.97462e-02
2.95000e+01	9.31434e-01	6.85658e-02
2.96000e+01	9.32593e-01	6.74071e-02
2.97000e+01	9.34225e-01	6.57746e-02
2.98000e+01	9.36973e-01	6.30265e-02
2.99000e+01	9.39573e-01	6.04269e-02
3.00000e+01	9.41156e-01	5.88439e-02
3.01000e+01	9.42205e-01	5.77952e-02
3.02000e+01	9.42945e-01	5.70548e-02
3.03000e+01	9.43522e-01	5.64782e-02
3.04000e+01	9.44257e-01	5.57428e-02
3.05000e+01	9.45448e-01	5.45523e-02
3.06000e+01	9.47002e-01	5.29980e-02
3.07000e+01	9.48053e-01	5.19475e-02
3.08000e+01	9.48443e-01	5.15568e-02
3.09000e+01	9.48633e-01	5.13673e-02
3.10000e+01	9.49063e-01	5.09368e-02
3.11000e+01	9.49699e-01	5.03013e-02
3.12000e+01	9.50649e-01	4.93513e-02
3.13000e+01	9.51857e-01	4.81425e-02
3.14000e+01	9.53041e-01	4.69588e-02
3.15000e+01	9.53767e-01	4.62330e-02
3.16000e+01	9.54197e-01	4.58026e-02
3.17000e+01	9.54531e-01	4.54691e-02
3.18000e+01	9.54139e-01	4.58614e-02
3.19000e+01	9.53171e-01	4.68291e-02
3.20000e+01	9.53753e-01	4.62472e-02
3.21000e+01	9.53929e-01	4.60705e-02
3.22000e+01	9.53915e-01	4.60854e-02
3.23000e+01	9.53879e-01	4.61206e-02
3.24000e+01	9.53842e-01	4.61576e-02
3.25000e+01	9.53797e-01	4.62025e-02
3.26000e+01	9.53726e-01	4.62737e-02
3.27000e+01	9.53593e-01	4.64073e-02
3.28000e+01	9.53334e-01	4.66659e-02
3.29000e+01	9.52878e-01	4.71221e-02
3.30000e+01	9.52228e-01	4.77723e-02
3.31000e+01	9.51535e-01	4.84648e-02
3.32000e+01	9.50953e-01	4.90470e-02
3.33000e+01	9.50333e-01	4.96667e-02
3.34000e+01	9.49801e-01	5.01986e-02
3.35000e+01	9.49320e-01	5.06795e-02
3.36000e+01	9.48868e-01	5.11315e-02
3.37000e+01	9.48438e-01	5.15617e-02
3.38000e+01	9.48035e-01	5.19651e-02
3.39000e+01	9.47670e-01	5.23301e-02
3.40000e+01	9.47356e-01	5.26442e-02
3.41000e+01	9.47101e-01	5.28990e-02
3.42000e+01	9.46908e-01	5.30925e-02
3.43000e+01	9.46771e-01	5.32287e-02
3.44000e+01	9.46685e-01	5.33154e-02
3.45000e+01	9.46637e-01	5.33626e-02
3.46000e+01	9.46620e-01	5.33804e-02
3.47000e+01	9.46621e-01	5.33786e-02
3.48000e+01	9.46634e-01	5.33663e-02
3.49000e+01	9.46649e-01	5.33515e-02
3.50000e+01	9.46657e-01	5.33431e-02
3.51000e+01	9.46641e-01	5.33586e-02
3.52000e+01	9.46527e-01	5.34728e-02
3.53000e+01	9.45554e-01	5.44463e-02
3.54000e+01	9.43236e-01	5.67635e-02
3.55000e+01	9.42147e-01	5.78528e-02
3.56000e+01	9.41941e-01	5.80592e-02
3.57000e+01	9.41855e-01	5.81445e-02
3.58000e+01	9.41799e-01	5.82010e-02
3.59000e+01	9.41750e-01	5.82500e-02
3.60000e+01	9.41701e-01	5.82990e-02
3.61000e+01	9.41648e-01	5.83518e-02
3.62000e+01	9.41589e-01	5.84109e-02
3.63000e+01	9.41522e-01	5.84783e-02
3.64000e+01	9.41444e-01	5.85563e-02
3.65000e+01	9.41353e-01	5.86472e-02
3.66000e+01	9.41246e-01	5.87538e-02
3.67000e+01	9.41121e-01	5.88793e-02
3.68000e+01	9.40972e-01	5.90275e-02
3.69000e+01	9.40798e-01	5.92025e-02
3.70000e+01	9.40592e-01	5.94081e-02
3.71000e+01	9.40352e-01	5.96479e-02
3.72000e+01	9.40075e-01	5.99250e-02
3.73000e+01	9.39755e-01	6.02447e-02
3.74000e+01	9.39457e-01	6.05432e-02
3.75000e+01	9.39096e-01	6.09043e-02
3.76000e+01	9.38912e-01	6.10879e-02
3.77000e+01	9.38890e-01	6.11099e-02
3.78000e+01	9.38402e-01	6.15978e-02
3.79000e+01	9.37767e-01	6.22334e-02
3.80000e+01	9.37355e-01	6.26446e-02
3.81000e+01	9.37172e-01	6.28284e-02
3.82000e+01	9.37090e-01	6.29099e-02
3.83000e+01	9.37038e-01	6.29619e-02
3.84000e+01	9.36988e-01	6.30122e-02
3.85000e+01	9.36932e-01	6.30684e-02
3.86000e+01	9.36868e-01	6.31315e-02
3.87000e+01	9.36799e-01	6.32014e-02
3.88000e+01	9.36718e-01	6.32815e-02
3.89000e+01	9.36614e-01	6.33864e-02
3.90000e+01	9.36428e-01	6.35717e-02
3.91000e+01	9.35910e-01	6.40902e-02
3.92000e+01	9.34383e-01	6.56169e-02
3.93000e+01	9.32711e-01	6.72888e-02
3.94000e+01	9.32047e-01	6.79533e-02
3.95000e+01	9.31767e-01	6.82326e-02
3.96000e+01	9.31608e-01	6.83915e-02
3.97000e+01	9.31499e-01	6.85014e-02
3.98000e+01	9.31414e-01	6.85856e-02
3.99000e+01	9.31347e-01	6.86531e-02
4.00000e+01	9.31292e-01	6.87079e-02
4.01000e+01	9.31248e-01	6.87522e-02
4.02000e+01	9.31212e-01	6.87876e-02
4.03000e+01	9.31185e-01	6.88153e-02
4.04000e+01	9.31163e-01	6.88365e-02
4.05000e+01	9.31148e-01	6.88525e-02
4.06000e+01	9.31136e-01	6.88642e-02
4.07000e+01	9.31128e-01	6.88725e-02
4.08000e+01	9.31122e-01	6.88781e-02
4.09000e+01	9.31118e-01	6.88815e-02
4.10000e+01	9.31117e-01	6.88832e-02
4.11000e+01	9.31117e-01	6.88833e-02
4.12000e+01	9.31118e-01	6.88822e-02
4.13000e+01	9.31120e-01	6.88800e-02
4.14000e+01	9.31123e-01	6.88770e-02
4.15000e+01	9.31127e-01	6.88734e-02
4.16000e+01	9.31131e-01	6.88693e-02
4.17000e+01	9.31135e-01	6.88648e-02
4.18000e+01	9.31298e-01	6.87018e-02
4.19000e+01	9.31575e-01	6.84253e-02
4.20000e+01	9.31845e-01	6.81548e-02
4.21000e+01	9.32105e-01	6.78945e-02
4.22000e+01	9.32352e-01	6.76476e-02
4.23000e+01	9.32584e-01	6.74161e-02
4.24000e+01	9.32799e-01	6.72009e-02
4.25000e+01	9.32998e-01	6.70021e-02
4.26000e+01	9.33181e-01	6.68185e-02
4.27000e+01	9.33352e-01	6.66479e-02
4.28000e+01	9.33513e-01	6.64866e-02
4.29000e+01	9.33672e-01	6.63281e-02
4.30000e+01	9.33839e-01	6.61609e-02
4.31000e+01	9.34039e-01	6.59615e-02
4.32000e+01	9.34325e-01	6.56751e-02
4.33000e+01	9.34830e-01	6.51702e-02
4.34000e+01	9.35786e-01	6.42141e-02
4.35000e+01	9.37188e-01	6.28116e-02
4.36000e+01	9.38606e-01	6.13940e-02
4.37000e+01	9.40099e-01	5.99009e-02
4.38000e+01	9.42168e-01	5.78323e-02
4.39000e+01	9.44560e-01	5.54403e-02
4.40000e+01	9.46726e-01	5.32744e-02
4.41000e+01	9.48267e-01	5.17326e-02
4.42000e+01	9.49680e-01	5.03197e-02
4.43000e+01	9.51650e-01	4.83501e-02
4.44000e+01	9.53332e-01	4.66680e-02
4.45000e+01	9.54135e-01	4.58649e-02
4.46000e+01	9.54566e-01	4.54339e-02
4.47000e+01	9.54905e-01	4.50951e-02
4.48000e+01	9.55275e-01	4.47251e-02
4.49000e+01	9.55811e-01	4.41891e-02
4.50000e+01	9.56752e-01	4.32482e-02
4.51000e+01	9.58185e-01	4.18153e-02
4.52000e+01	9.59565e-01	4.04353e-02
4.53000e+01	9.60619e-01	3.93815e-02
4.54000e+01	9.61524e-01	3.84764e-02
4.55000e+01	9.62569e-01	3.74314e-02
4.56000e+01	9.63654e-01	3.63456e-02
4.57000e+01	9.64506e-01	3.54937e-02
4.58000e+01	9.65177e-01	3.48226e-02
4.59000e+01	9.65634e-01	3.43655e-02
4.60000e+01	9.65925e-01	3.40750e-02
4.61000e+01	9.66117e-01	3.38834e-02
4.62000e+01	9.66250e-01	3.37503e-02
4.63000e+01	9.66352e-01	3.36484e-02
4.64000e+01	9.66455e-01	3.35450e-02
4.65000e+01	9.66659e-01	3.33410e-02
4.66000e+01	9.67597e-01	3.24025e-02
4.67000e+01	9.69840e-01	3.01596e-02
4.68000e+01	9.71562e-01	2.84384e-02
4.69000e+01	9.74051e-01	2.59492e-02
4.70000e+01	9.75759e-01	2.42409e-02
4.71000e+01	9.76021e-01	2.39790e-02
4.72000e+01	9.76150e-01	2.38501e-02
4.73000e+01	9.76190e-01	2.38099e-02
4.74000e+01	9.76209e-01	2.37914e-02
4.75000e+01	9.76232e-01	2.37677e-02
4.76000e+01	9.76295e-01	2.37045e-02
4.77000e+01	9.76537e-01	2.34630e-02
4.78000e+01	9.78065e-01	2.19352e-02
4.79000e+01	9.80529e-01	1.94707e-02
4.80000e+01	9.81465e-01	1.85349e-02
4.81000e+01	9.81862e-01	1.81381e-02
4.82000e+01	9.82163e-01	1.78366e-02
4.83000e+01	9.82435e-01	1.75649e-02
4.84000e+01	9.82681e-01	1.73195e-02
4.85000e+01	9.82896e-01	1.71044e-02
4.86000e+01	9.83078e-01	1.69224e-02
4.87000e+01	9.83226e-01	1.67738e-02
4.88000e+01	9.83344e-01	1.66564e-02
4.89000e+01	9.83433e-01	1.65669e-02
4.90000e+01	9.83499e-01	1.65012e-02
4.91000e+01	9.83545e-01	1.64552e-02
4.92000e+01	9.83576e-01	1.64245e-02
4.93000e+01	9.83595e-01	1.64047e-02
4.94000e+01	9.83609e-01	1.63907e-02
4.95000e+01	9.83625e-01	1.63747e-02
4.96000e+01	9.83674e-01	1.63261e-02
4.97000e+01	9.84282e-01	1.57175e-02
4.98000e+01	9.84235e-01	1.57649e-02
4.99000e+01	9.83761e-01	1.62394e-02
5.00000e+01	9.83840e-01	1.61596e-02
5.01000e+01	9.83969e-01	1.60308e-02
5.02000e+01	9.84138e-01	1.58619e-02
5.03000e+01	9.84352e-01	1.56483e-02
5.04000e+01	9.84613e-01	1.53868e-02
5.05000e+01	9.84923e-01	1.50774e-02
5.06000e+01	9.85276e-01	1.47237e-02
5.07000e+01	9.85666e-01	1.43340e-02
5.08000e+01	9.86078e-01	1.39215e-02
5.09000e+01	9.86496e-01	1.35038e-02
5.10000e+01	9.86899e-01	1.31006e-02
5.11000e+01	9.87269e-01	1.27305e-02
5.12000e+01	9.87592e-01	1.24077e-02
5.13000e+01	9.87859e-01	1.21410e-02
5.14000e+01	9.88066e-01	1.19343e-02
5.15000e+01	9.88211e-01	1.17886e-02
5.16000e+01	9.88297e-01	1.17030e-02
5.17000e+01	9.88323e-01	1.16769e-02
5.18000e+01	9.88288e-01	1.17117e-02
5.19000e+01	9.88187e-01	1.18132e-02
5.20000e+01	9.88003e-01	1.19969e-02
5.21000e+01	9.87702e-01	1.22976e-02
5.22000e+01	9.87216e-01	1.27844e-02
5.23000e+01	9.86447e-01	1.35533e-02
5.24000e+01	9.85387e-01	1.46132e-02
5.25000e+01	9.84286e-01	1.57135e-02
5.26000e+01	9.83319e-01	1.66811e-02
5.27000e+01	9.82488e-01	1.75115e-02
5.28000e+01	9.81763e-01	1.82373e-02
5.29000e+01	9.81111e-01	1.88894e-02
5.30000e+01	9.80515e-01	1.94851e-02
5.31000e+01	9.79969e-01	2.00307e-02
5.32000e+01	9.79474e-01	2.05263e-02
5.33000e+01	9.79031e-01	2.09687e-02
5.34000e+01	9.78646e-01	2.13536e-02
5.35000e+01	9.78323e-01	2.16774e-02
5.36000e+01	9.78062e-01	2.19379e-02
5.37000e+01	9.77865e-01	2.21348e-02
5.38000e+01	9.77658e-01	2.23417e-02
5.39000e+01	9.77451e-01	2.25489e-02
5.40000e+01	9.77276e-01	2.27236e-02
5.41000e+01	9.77129e-01	2.28709e-02
5.42000e+01	9.77004e-01	2.29960e-02
5.43000e+01	9.76895e-01	2.31050e-02
5.44000e+01	9.76795e-01	2.32049e-02
5.45000e+01	9.76696e-01	2.33039e-02
5.46000e+01	9.76589e-01	2.34115e-02
5.47000e+01	9.76462e-01	2.35382e-02
5.48000e+01	9.76304e-01	2.36963e-02
5.49000e+01	9.76102e-01	2.38980e-02
5.50000e+01	9.75845e-01	2.41546e-02
5.51000e+01	9.75527e-01	2.44726e-02
5.52000e+01	9.75150e-01	2.48498e-02
5.53000e+01	9.74727e-01	2.52733e-02
5.54000e+01	9.74279e-01	2.57215e-02
5.55000e+01	9.73830e-01	2.61703e-02
5.56000e+01	9.73401e-01	2.65992e-02
5.57000e+01	9.73006e-01	2.69944e-02
5.58000e+01	9.72652e-01	2.73483e-02
5.59000e+01	9.72281e-01	2.77187e-02
5.60000e+01	9.71870e-01	2.81303e-02
5.61000e+01	9.71506e-01	2.84938e-02
5.62000e+01	9.71190e-01	2.88097e-02
5.63000e+01	9.70921e-01	2.90794e-02
5.64000e+01	9.70695e-01	2.93050e-02
5.65000e+01	9.70510e-01	2.94895e-02
5.66000e+01	9.70364e-01	2.96361e-02
5.67000e+01	9.70252e-01	2.97482e-02
5.68000e+01	9.70170e-01	2.98295e-02
5.69000e+01	9.70116e-01	2.98836e-02
5.70000e+01	9.70086e-01	2.99137e-02
5.71000e+01	9.70077e-01	2.99229e-02
5.72000e+01	9.70086e-01	2.99140e-02
5.73000e+01	9.70110e-01	2.98896e-02
5.74000e+01	9.70148e-01	2.98519e-02
5.75000e+01	9.70453e-01	2.95470e-02
5.76000e+01	9.70811e-01	2.91886e-02
5.77000e+01	9.71170e-01	2.88301e-02
5.78000e+01	9.71523e-01	2.84769e-02
5.79000e+01	9.71867e-01	2.81332e-02
5.80000e+01	9.72197e-01	2.78033e-02
5.81000e+01	9.72510e-01	2.74904e-02
5.82000e+01	9.72803e-01	2.71972e-02
5.83000e+01	9.73074e-01	2.69257e-02
5.84000e+01	9.73323e-01	2.66773e-02
5.85000e+01	9.73547e-01	2.64528e-02
5.86000e+01	9.73747e-01	2.62525e-02
5.87000e+01	9.73924e-01	2.60759e-02
5.88000e+01	9.74078e-01	2.59222e-02
5.89000e+01	9.74210e-01	2.57899e-02
5.90000e+01	9.74323e-01	2.56774e-02
5.91000e+01	9.74418e-01	2.55823e-02
5.92000e+01	9.74498e-01	2.55021e-02
5.93000e+01	9.74566e-01	2.54344e-02
5.94000e+01	9.74623e-01	2.53767e-02
5.95000e+01	9.74674e-01	2.53264e-02
5.96000e+01	9.74718e-01	2.52816e-02
5.97000e+01	9.74760e-01	2.52404e-02
5.98000e+01	9.74799e-01	2.52015e-02
5.99000e+01	9.74836e-01	2.51638e-02
6.00000e+01	9.74873e-01	2.51269e-02
